27037
55009
22117
4017
51013
19155
31025
40117
9007
33013
8001
36001
20059
12105
25025
17203
51810
39151
36029
15003
26065
24013
47093
53035
37049
17201
6097
41047
56029
12119
34031
51199
51179
47037
13139
12073
39157
26137
36121
18005
45013
47149
42077
36003
25009
5143
17195
18091
31153
53011
46087
6079
24027
6061
42095
39017
28089
5011
48139
49051
12095
18001
12003
45019
42127
6041
8123
46009
27019
51540
6069
6095
26147
8019
41035
39103
26163
50023
29095
42011
28111
39155
39013
5125
34021
53077
18011
27123
6071
40109
12099
28045
17031
29510
55141
37189
6057
27145
25011
30031
36103
24005
48041
12086
8125
6089
31111
37063
6087
8041
12081
31107
26099
50017
18081
8117
26117
36091
51760
4009
12015
12001
51095
30111
42069
48113
34019
47163
12103
51085
33009
12017
36045
48027
24025
49049
51660
6055
39005
26017
48157
36093
48453
36119
35001
21097
25023
26125
36007
40065
6099
46023
23005
53071
31001
48479
21111
36109
26115
28033
8013
53005
39077
25013
24033
51177
17111
50003
18067
22057
45063
55131
53037
9003
48201
23015
53041
1051
49045
36079
8045
23019
6001
29037
27013
36071
51059
41019
45007
36019
12031
6013
39085
2122
48325
27131
21173
17027
49005
39099
15009
31055
6029
47155
37025
17089
13113
12127
12069
45061
1117
49057
12091
41017
49035
39109
37101
18019
55093
33015
12009
36017
38101
56013
38017
15001
36043
5069
53007
42089
49011
17199
26139
18113
25003
16083
29019
41059
24003
22051
28029
35053
23031
6067
18097
37119
28049
42103
19183
19049
48167
42045
26081
28095
47187
36113
50027
6107
42101
34041
1089
5119
53063
27103
12019
29077
26089
13223
34025
55087
48303
18095
12057
1121
18063
37183
28083
51041
13151
55139
37081
24017
51147
48037
19191
27163
24510
51153
13049
13095
2090
19027
36057
6085
48309
17119
1101
39037
13059
55133
32510
8035
11001
37037
24031
40143
48439
39023
13285
48321
28011
55059
13073
49053
55063
10005
9009
6081
8101
45083
37133
17163
42007
34035
12115
19085
41043
34005
26161
51075
41053
53013
13245
53039
56033
30049
13089
55079
5025
13233
51510
36115
24041
36041
12071
39041
40017
1015
42003
54037
28109
12089
39035
37125
27171
6075
1073
18141
53067
55025
28059
22017
21179
53025
18079
47165
18057
8031
20103
12117
1081
48029
21073
35055
29189
42029
36107
18047
23011
50007
48423
47089
12101
4005
49043
21143
36031
23001
17097
48401
36059
18041
13177
23017
36051
12109
13121
30063
37109
16001
21067
53043
19103
13015
34007
53045
39031
8077
47021
40071
27009
45079
19153
48491
5023
22089
36055
19013
40119
21017
29083
35043
6019
15007
36105
6065
6083
6053
29183
42125
28047
36027
47147
13063
1003
13185
17093
22033
55101
24021
25021
17197
47157
8005
5079
45091
13217
22087
18043
25017
37097
47013
37019
5041
22103
16081
10003
17043
6073
34003
12033
39095
48085
36111
1083
22005
1115
54055
48121
36087
18089
48183
4021
4019
17189
42079
48285
34039
55039
27129
56039
37067
56021
8107
13313
8051
40027
48039
42133
4013
36025
6039
20091
20045
33001
37129
6023
6059
37163
5051
41067
30093
20015
16013
17077
17167
34027
41051
2130
19001
13077
46035
36039
53021
13117
26029
12021
25001
8059
41029
45017
53031
41071
55117
39153
18179
41005
34029
34017
45045
17035
34015
45051
45039
49003
53057
34013
51107
22071
27161
28027
29051
21227
8097
27003
53061
28035
36067
13057
33011
13115
37071
39049
48485
53029
5045
53053
47065
46099
22015
13067
21049
25027
13129
9005
17143
32031
20209
37093
27091